id;date_paie;etat;montant
1;2023-09-05T03:05:04;true;18332
2;2023-09-05T04:22:28;false;16990
3;2023-09-05T13:22:21;false;39403
4;2023-09-05T02:02:45;false;49871
5;2023-09-05T17:34:41;false;98145
6;2023-09-05T18:21:17;false;40003
7;2023-09-05T22:55:59;false;93654
8;2023-09-05T03:47:13;true;68412
9;2023-09-06T00:39:07;true;42019
10;2023-09-05T15:55:05;true;67099
